$ 1 0.000005 3.452441195350251 48 5 43
w 112 384 112 400 0
r 112 336 144 336 0 1000
t 144 336 192 336 0 1 0.6198109696860672 0 100
w 192 352 192 368 0
r 192 320 224 320 0 1000
t 240 320 272 320 0 -1 3.827446107037594 -0.7518388214525498 100
w 256 384 256 400 0
r 272 352 272 384 0 1
w 256 416 256 432 0
w 272 304 304 304 0
w 336 304 336 320 0
w 112 400 128 400 0
v 336 304 304 304 0 0 40 5 0 0 0.5
370 256 400 256 416 1 0
w 224 320 240 320 0
w 272 336 272 352 0
w 272 384 256 384 0
w 240 320 240 304 0
r 240 256 272 256 0 100000
w 240 304 240 256 0
w 272 256 288 256 0
w 288 256 272 304 0
S 112 336 64 336 0 1 false 0 2
w 64 352 112 384 0
w 64 320 64 304 0
v 64 288 64 304 0 0 40 3.3 0 0 0.5
w 64 288 32 288 0
w 32 288 32 352 0
w 32 352 64 352 0
w 128 400 192 368 0
w 192 368 256 432 0
w 256 432 336 320 0

